aimp;bed1;bed2;ced1;adfl;bso2;adbr;bfo1;cfo1;bfo2;bso3;cso1
0.0;1.1014828870931574;0.1045169750297904;306.6024777089422;0.0;0.7344919747433336;1.0;9.435307486322031;25.334574477110817;49.13785901371104;0.4315182985617856;77.71102857432993
0.0;2.737424759145864;0.6970631706129311;350.50604984102023;0.0;-0.1606949939246729;1.0;17.278630622436918;22.94354297625428;44.3912588661731;0.3673768419089148;80.2335376567748
0.0;2.93694510292966;0.998175486991822;333.98353716415016;0.0;0.2838442220607578;1.0;17.324384943161213;23.06003304444472;44.573420256372216;0.3695943501284225;79.79285644671693
0.0;3.0268454393229924;1.1642227578268811;324.52636901360177;0.0;0.4849547135624651;1.0;17.35543394227088;23.119410618309413;44.65244115705482;0.3702019225851628;79.5424025377204
0.0;3.0574196356797905;1.2254976398177695;320.8841715305167;0.0;0.5484428197608467;1.0;17.35990566685214;23.140691614059502;44.67890949357822;0.3703135189500371;79.4524376368386
0.0;3.119497638689716;1.3578921216817392;312.63999694740767;0.0;0.6656801714422903;1.0;17.35332304358064;23.18516797746056;44.73203915997591;0.3703319725490492;79.26460341384383
0.0;0.8227479100964791;0.0416861743238709;316.9780534410296;0.0;-0.3925973396834224;1.0;7.738198066675243;27.034202597495405;44.87618417374072;0.3846977004236061;74.62473008097834
0.0;2.9026889144007963;1.5474338791029538;324.5472923949983;0.0;0.336835267638606;1.0;17.32919599925907;22.64677115900889;48.40732993387645;0.4155633327817765;84.14713480867607
0.0;0.2943906674462439;0.0003361244036184;314.1474740095107;0.0;-0.4997721491296132;0.0;6.6395785250750965;30.700369949678667;39.759218897969696;0.3578959922617767;78.13034795604503
0.0;0.3003679904563248;0.0003724370123196;315.446450811172;0.0;-0.3680664826166563;0.0;6.91054485939418;30.567870506883764;39.988395034634415;0.3586522937117384;78.24510064313938
0.0;0.3064666773352972;0.0004126725898278;316.74118747020765;0.0;-0.2101148824151417;0.0;7.19256953763938;30.440690489360342;40.218690391047474;0.3594100637659028;78.33285046662442
0.0;0.312689192261297;0.0004572549471777;318.0314133768232;0.0;-0.0302871564706526;0.0;7.486103859319674;30.319668681779746;40.45011044010409;0.3601692391887928;78.39384096856733
0.0;0.3222606560053107;0.0005333196642982;319.95768632403394;0.0;0.2678133970643226;0.0;7.9490186505417935;30.15171626764023;40.799361350246514;0.3613104117860102;78.43706358179507
0.0;0.3288038526735136;0.0005909359161199;321.2354077286988;0.0;0.4751963592134546;0.0;8.273424240750659;30.050301952547787;41.03361725077845;0.3620725600150669;78.43588059264545
0.0;0.9516916055844856;0.1661975095106231;335.0298616555371;1.0;1.536552702110052;1.0;20.674592940747207;23.11425182749826;51.254927527334445;0.4259078713823687;86.23230159475975
0.0;0.971014800106607;0.1841523651087236;335.1175094303305;1.0;1.4825559690757588;1.0;20.24034060377191;23.239802395348622;51.13837731182;0.4247134480162882;86.33971770290223
0.0;1.0210567399824135;0.2379903098979142;335.14723577584954;1.0;1.243217214569614;1.0;19.15779468299385;23.470990336943007;50.84449574790077;0.4217701541129867;86.76500421648967
0.0;1.0313704444266802;0.250516115682015;335.118053571172;1.0;1.1793459914366609;1.0;18.923600463353264;23.501527619261303;50.785287028045225;0.4211953634867115;86.87681920061813
0.0;1.0736776269002828;0.307568070450061;334.8690056260553;1.0;0.8849667747682566;1.0;17.921840573663083;23.560272908867173;50.54699902776339;0.4189930096656581;87.4088170572954
0.0;1.199186588748205;0.5407314004101295;332.68685949863027;1.0;0.0683146216718162;1.0;14.629812302078046;23.022412108897083;49.87956149193791;0.4159786995729942;89.41612189224757
0.0;1.2235349339334811;0.5991483661054066;331.9266226049934;0.0;-0.0246793975567843;1.0;13.929751345152823;22.78202165108597;49.85639087919059;0.4167566721647543;89.82814482415979
0.0;1.235893872660082;0.6306824906372701;331.482453491253;0.0;-0.0712790353818911;1.0;13.572611544505024;22.64140464953796;49.89488468007706;0.4171968897058434;90.035000518876
0.0;0.3635674144363294;0.0009869708671585;327.5352128376232;1.0;1.3044138882129257;0.0;10.105183067267005;29.71662972711676;42.12204780965172;0.3658828952293977;78.16372406311945
0.0;0.3672398125619489;0.0010389167022721;328.156113763516;1.0;1.356973305286575;0.0;10.309321291792266;29.70357253500338;42.1421366429028;0.3662608688731822;78.12151311891867
0.0;0.3709493056181302;0.0010935965287075;328.7751995484781;1.0;1.4080386552960908;0.0;10.517583381311418;29.695066050925394;42.16227417228789;0.3666372989736353;78.07801190090734
0.0;0.3784810790920622;0.0012117413060471;330.0077545178514;1.0;1.503358411914605;0.0;10.946814068550458;29.692694876482182;42.20269579538717;0.3673836694774804;77.98806749287397
0.0;0.3940065075765433;0.0014877004394344;332.4491712747237;1.0;1.6506417600105558;0.0;11.85854203568702;29.754045878082085;42.28412864669262;0.3688302085937572;77.80338382351417
0.0;0.839453025299948;0.0461896668408542;317.22709103763583;0.0;-0.4441298375093881;1.0;7.5888180682025315;27.12210300089133;44.92585818039765;0.3855096676809403;74.72085824803233
0.0;0.8916311468001052;0.062835228397884;317.7768598999645;0.0;-0.5034318186926869;1.0;7.137800213232803;27.36117134166416;45.07633284720732;0.387950649085115;74.98712464464208
0.0;2.7883113894446367;1.2603945659911002;342.1288122039824;0.0;0.0332389685479208;0.0;16.652802837422506;22.68836305312308;48.06398163478797;0.4138344964878793;84.10673325118807
0.0;2.2608587240637417;0.9801269418442474;349.528131047412;1.0;0.9242004802289424;1.0;13.506003140549437;17.209073894903387;50.20337923145146;0.3753792429591236;77.60502996397423
0.0;2.283695680872466;1.0317125703623655;347.36781798508395;1.0;0.9535968271055784;1.0;13.501261226491774;17.18223798772438;50.14045385859458;0.3747194487449145;77.46267851145423
0.0;2.409143781569666;1.3363614045999743;306.22680081914325;1.0;-0.2616414627035672;1.0;15.354789461109004;18.01375120819008;46.940764789958514;0.3633379503411024;76.74762046379159
0.0;2.3850523437539697;1.2695433343699756;309.7393468869113;1.0;-0.1560966507710912;1.0;15.358372959574616;18.00464311915954;47.01068154264477;0.3637828022184998;76.70870199442255
0.0;2.3535999530788616;1.2033387611749418;339.6557051061783;1.0;1.0508037621392037;1.0;13.501958510849994;17.105328836853843;49.95075182114327;0.3727359617223743;77.03359986012977
0.0;2.291071765051212;1.034050980490185;320.9262239124079;1.0;0.3240743678340307;1.0;15.362238814185671;17.971320011362334;47.28864558003446;0.3659065920269653;76.55879040197142
0.0;2.401387565634998;1.3333393475622624;333.15912948698696;1.0;1.1203414398478693;1.0;13.492540914512912;17.057374360996956;49.823508423185416;0.3714102443660674;76.74863400291608
0.0;1.440044450193856;0.4247527396811771;325.160582873226;1.0;1.1906758162351154;1.0;13.48526038359862;17.011802179415575;49.69564118728097;0.3700818554919564;76.46743066692332
0.0;1.484124429885897;0.4954106892330394;323.442725130575;1.0;1.291386167641086;1.0;13.480513741318166;16.948150126560186;49.502663960018886;0.3680844056272575;76.05874137022126
0.0;2.2007943961318515;0.8422409864278837;329.0289770339988;1.0;0.8318640626501315;1.0;15.348744800358412;17.945024445177555;47.56390471278171;0.3683331947948027;76.44206515140311
0.0;1.4991155857433305;0.5214849360347783;322.8054274701739;1.0;1.3221713146776122;1.0;13.486726455023469;16.9283198928862;49.43802298433128;0.3674173416891582;75.92749231927175
0.0;1.5295537044621268;0.5778226438058485;321.41546953864645;1.0;1.3772819612705505;1.0;13.50565527597544;16.891413128294385;49.3082658712693;0.366081457750018;75.67480728030093
0.0;1.545003741880936;0.6082343619008931;320.6549578568173;1.0;1.4008648429347552;1.0;13.51289737334364;16.874414753454424;49.2431489600043;0.3654126920958551;75.55417599319735
0.0;1.5606098402837738;0.6402466967377822;319.8444718127043;1.0;1.4213236559083395;1.0;13.524341149628778;16.85832189036561;49.17787262808097;0.3647434248405589;75.43789585226688
0.0;0.7155079812852694;0.0166972945178394;307.14890391699265;1.0;1.3939402217206762;1.0;13.611743876106024;16.7477771051215;48.51625505163556;0.358041142259847;74.60320283540014
0.0;0.7448583731732026;0.02049989735234;307.9349745221613;1.0;1.2473441047871483;1.0;13.66014229325777;16.724120215796546;48.247045057044105;0.3553831362672811;74.48838417188607
0.0;0.7676586012901204;0.0239100712667619;308.4522825142745;1.0;1.0917721283331343;1.0;13.686001904637964;16.711657755924943;48.04340266960543;0.3534274952980126;74.49220321629349
0.0;0.7754127285758792;0.0251684960702757;308.6104415685052;1.0;1.0329639999825575;1.0;13.693221395069315;16.708101495305748;47.97518926324643;0.3527887043180587;74.50384950657798
0.0;0.7911567478582585;0.0278875302717736;308.9047472534019;1.0;0.9076553363056034;1.0;13.705404954650678;16.701786263584207;47.83826109548731;0.3515415646928096;74.54085790692174
0.0;0.799148230159857;0.0293552950229196;309.0406908896804;1.0;0.8422299547215599;1.0;13.711375787989429;16.699024235931315;47.76954551753641;0.3509383274416306;74.5659260849113
0.0;0.8072204345049061;0.0309003105504417;309.1690244363931;1.0;0.7757429038606642;1.0;13.716788148644572;16.69652085841373;47.70066173084199;0.3503530412512841;74.59513317375078
0.0;0.8660556218698283;0.0442484036342997;309.8453424783529;1.0;0.3369737754298623;1.0;13.726126955825103;16.684052053838325;47.21373074759882;0.347268980207896;74.89524389397492
0.0;0.8836400590448202;0.0490287020878668;309.9639140395968;1.0;0.2414822425916759;1.0;13.719784829521991;16.680988756960488;47.073070147564486;0.347040505841249;75.00288966292717
0.0;0.8925657162068892;0.0516091600924913;310.01018668474387;1.0;0.2022355127786164;1.0;13.720323936854436;16.679344286222292;47.00248151464124;0.3471289809639485;75.05867067656996
0.0;0.9969033624569936;0.0907333890997458;309.9087495500552;0.0;-0.2224736677796512;1.0;13.757769099464529;16.654158407385168;47.226805268251255;0.3510805644723422;75.6733886561931
0.0;1.0171445387786897;0.1005356111908541;309.7620629538387;0.0;-0.3079042738451824;1.0;13.77165098693296;16.64942943851203;47.28668600808949;0.3518219947501341;75.77303718344939
0.0;1.0274187260390804;0.1058269591482674;309.6729210235776;0.0;-0.3487318532900518;1.0;13.778463195504605;16.647108067021854;47.31673548623659;0.3521931698489743;75.81987457871571
0.0;1.0482794878472406;0.1172597885299362;309.46224390188183;0.0;-0.4242464732745205;1.0;13.78107449057376;16.642383791186592;47.37705354782225;0.3529363385951581;75.90629732138471
0.0;1.0588681695426672;0.1234313563473013;309.3403732282773;0.0;-0.4579901877291702;1.0;13.784401611616468;16.639838714932818;47.40732248809802;0.3533082768682649;75.94536419167235
0.0;1.091280285296251;0.1439642587517729;308.9064708971558;0.0;-0.5377118448311851;1.0;13.801425725014653;16.63196792123095;47.49857109704104;0.3544250235179051;76.04289366047325
0.0;1.136044990751368;0.1767503426177183;308.1609787851865;0.0;-0.5788026743765973;1.0;13.803781409479107;16.620372866865367;47.62127347829705;0.3559136102893819;76.11789023417842
0.0;1.1591113057355045;0.1958452549780812;307.71241842312327;0.0;-0.5656506274867348;1.0;13.80703186622542;16.61364872808191;47.683072606359936;0.3566556222268109;76.1278367244064
0.0;1.182645960346398;0.2170030526072922;307.2102499546489;0.0;-0.527925888859102;1.0;13.819577649498903;16.6064159607092;47.74517230713015;0.3573939555938491;76.11749951712709
0.0;0.4020064356458966;0.0016484215395395;333.65731331190165;1.0;1.6939601236289503;0.0;12.342498274375968;29.822485166079847;42.32514179845232;0.3695118729224128;77.71280640966708
0.0;0.4143119137975991;0.0019226377484059;335.4527732735153;1.0;1.710772115011764;0.0;13.10571567247926;29.97976989203297;42.38703515692807;0.3704365975807135;77.58502354646976
0.0;0.4227241238624621;0.0021303465356298;336.638018320126;1.0;1.6860412843174042;0.0;13.640570024137268;30.125344530705213;42.42854790466688;0.3709467818623768;77.50812266435862
0.0;0.4581160167217662;0.0032111560560329;341.2764884544749;1.0;1.2856334645952048;0.0;16.007356951490788;31.10826415019905;42.5966242798066;0.3707188011197739;77.30242020679935
0.0;0.4627434512341073;0.0033801642695083;341.8439041169922;1.0;1.2047970200598932;1.0;16.330726977394637;31.284489115104268;42.61786372875681;0.3701609258531885;77.29062794074517
0.0;0.4915063281244109;0.0045982880679508;345.18481169442947;1.0;0.6322559537449608;1.0;14.945560228137076;32.41231543300226;42.14197421680113;0.3662328314944649;77.31832415377028
0.0;0.4964710385095059;0.0048403032294219;345.7304967593558;1.0;0.5300091101733672;1.0;14.69406406108656;32.59632862943767;42.06197874852986;0.3655872509383456;77.34108568621146
0.0;2.8736620252567886;1.4700621851478062;329.6242386877814;0.0;0.259474921541404;1.0;17.331053639395723;22.65076687476056;48.37124000230131;0.4151322746621106;84.13884457761438
0.0;0.9097348707275842;0.0696235217705086;317.8912429982135;0.0;-0.4840442177132425;1.0;6.993878873906209;27.432235128270825;45.12697923768311;0.3887643191783997;75.06487750845315
0.0;0.9189241118460446;0.0732879176531669;317.9349755586807;0.0;-0.466237749370081;1.0;6.918273298865385;27.466098634881472;45.15239463594658;0.3891706668755007;75.10118668759756
0.0;0.9375819935170336;0.0812054489231767;317.9948858721506;0.0;-0.4141997543569664;1.0;6.756164013886101;27.52991174689666;45.2034105896384;0.3899814567209082;75.1682780135976
0.0;2.178786452170533;0.8001289371064895;330.7329241542134;1.0;0.9536114831152924;1.0;15.346759172737483;17.939484331841758;47.63229993774958;0.3689638451651654;76.42131976576181
0.0;0.9662815209714052;0.0947140386915605;318.01386964714624;0.0;-0.2961395659482095;1.0;6.490578778598112;27.614091215151937;45.28039967745109;0.3911886672892336;75.25437912944989
0.0;0.7591862688931854;0.0276554597487335;315.67622361547325;1.0;-0.0333930176997657;1.0;8.260503674429096;26.65615485102604;45.07793338604557;0.3828024237868717;74.23952785000293
0.0;0.6662019113259174;0.0141967113214673;312.6218850307958;0.0;0.9527796201457644;1.0;9.053584938005685;25.99898343687419;45.34006552058702;0.3856676802185336;73.93153922980959
0.0;0.6529444932905317;0.0128125319676242;312.0594776325673;0.0;0.9860757346129158;1.0;9.17207574394446;25.894776593890214;45.288357782439824;0.3852135522412881;73.93843908961817
0.0;1.068443910680116;0.1581897365678509;317.41425901829814;0.0;0.345877007928514;1.0;5.487054435531499;27.756121790785635;45.54111087621829;0.394898233941066;75.42243710794372
0.0;1.1122718599259185;0.1942154975088907;316.8600466054475;0.0;0.6225411656529506;1.0;5.042736341078053;27.736647709379668;45.64717775371043;0.3959259253451784;75.454720611
0.0;1.1348554840586864;0.2151972271566656;316.5079932298594;0.0;0.7420060236261324;1.0;4.809909943214363;27.70688619406302;45.70059812732506;0.3961807314463838;75.46874832824669
0.0;0.1381509324350124;8.336599202581802e-06;359.6605463003572;0.0;-0.5082495064833721;1.0;21.32907959938275;16.1794370388321;30.49260777866634;0.2507502716328624;61.01457279736103
0.0;2.1332171849948844;0.3065069793866451;338.8849357714972;1.0;1.2486128818740676;1.0;12.2953352217968;24.087947683598088;39.42463688639915;0.3418833817389732;76.27299105589691
0.0;2.176530134674916;0.3396199217580555;336.55745386154143;1.0;1.1031550220303732;0.0;12.329136486340106;23.86138279315633;39.35075611975669;0.3425047796946456;76.31829147247737
0.0;2.1985152875504195;0.3574946544821636;335.3477947750322;1.0;1.023966031282449;0.0;12.578201542436489;23.747060113100414;39.36380193589556;0.3428665954947098;76.34352058475024
0.0;2.2207225126771912;0.3763101626128038;334.1059085282326;1.0;0.9413009621974496;0.0;12.83229804559608;23.636331530813777;39.37687924387937;0.3432287926645477;76.37024203393378
0.0;2.0720042368711;0.6191245190751379;337.95048232885176;1.0;1.4793270420847902;1.0;15.347247944367886;17.916490451427993;47.971779092768784;0.3721853889366295;76.3839409013057
0.0;1.9312433499040185;0.4323577425962752;345.65659819004253;1.0;1.8665082394048167;1.0;15.4052101869685;17.88981179857165;48.44013181127584;0.3767653190952916;76.5445054431214
0.0;2.243154053209284;0.3961159606450567;332.8303881468028;1.0;0.8558606632377227;0.0;13.091527637725966;23.52943324393952;39.3899881206045;0.3435913714126793;76.39828995160626
0.0;2.265812174958873;0.4169641691000597;331.51963930608173;1.0;0.7684028637643892;0.0;13.355994014100144;23.426610705318048;39.40312864315506;0.3439543319033922;76.42747862167177
0.0;0.09524803407928;1.249574972378141e-06;325.83250490547147;0.0;0.8048124427128469;1.0;23.45709839947757;12.652317990048372;31.77347990311668;0.2514562785426354;61.71574056167096
0.0;0.088777392021561;8.726248074769732e-07;319.6860779456463;0.0;0.3761477043127844;1.0;23.92184369588212;12.103566350862044;31.817536609719262;0.2496899424940854;61.93250440662381
0.0;0.0835821523038904;6.414594195345249e-07;314.4851556262434;0.0;-0.0397177273230736;1.0;24.475877576133232;11.625654477566655;31.854690655543664;0.2481320425910901;62.08692545110013
0.0;0.6025010669397647;0.0085000954838662;309.5892213259469;0.0;0.7550944640202848;1.0;9.692641430616948;25.464119506954315;45.084015122150646;0.3825431410738189;74.0643454885622
0.0;1.14631867076635;0.2265233970070164;316.3121083201881;0.0;0.7942965398652455;1.0;4.69026404124351;27.686525757260064;45.72740559957759;0.3962057494870594;75.47593588024546
0.0;1.1933410703697906;0.2781113060912871;315.38647818863416;1.0;0.941936456679518;1.0;4.189978347471058;27.565322444304584;45.7351656281653;0.3952990003427752;75.51043785672347
0.0;1.26751591218257;0.3783354294043803;313.50509617520964;1.0;1.1463412043025587;0.0;3.3367605503323152;27.2441849849771;45.293075067581576;0.3951117772245213;75.58722508623316
0.0;0.596476056270367;0.0080750907096729;309.25693024479256;0.0;0.6950994358721384;1.0;9.758165199111763;25.408382405024224;45.05874972979504;0.382165004719857;74.08653862253563
0.0;1.8365932096942656;0.3345501794015295;350.07547721899346;1.0;1.862488614955809;1.0;15.43066465832423;17.87384806749065;48.76979579679111;0.3800381773302249;76.80787695319133
0.0;0.57297251971385;0.0065772118523455;307.8788278182222;0.0;0.4186347078771065;1.0;10.001293450850998;25.182980858747328;44.95829820722114;0.380617141629649;74.17669689661402
0.0;0.5672427945167114;0.0062483512597282;307.5224343732317;0.0;0.3444222286015349;1.0;10.064412082225004;25.126082196642333;44.933337096172245;0.3802246619929812;74.1981455338312
0.0;0.5130042155388165;0.0037411187085359;303.71670478804646;0.0;-0.3125175470636839;1.0;10.671173364189892;24.5459436256996;44.6870244959959;0.3762661482983741;74.32472534033855
0.0;0.2712061197898577;1.954173156231966e-05;319.7571906502806;0.0;0.3789057614191479;1.0;13.062523507111242;20.41333338086481;56.02256408762912;0.4484481522861313;85.80218997234256
0.0;0.1830928175052508;2.6111859329710672e-06;298.9338666926015;1.0;0.9651321906698116;1.0;10.755461614073228;20.418974160485217;45.55845164954923;0.3279318798114274;72.18979423317748
0.0;1.4299836928946374;0.7001542823802828;306.8551220538021;1.0;1.467731171379283;0.0;4.241854124568397;26.35767999387976;45.60693764767602;0.4001496990145318;75.82522068992573
0.0;0.744303983851635;0.0141386335355151;305.9976722383237;0.0;-0.1590917331428644;0.0;9.440419933787991;24.384659206417066;47.63156675253055;0.4174101716237108;78.25303410968317
0.0;0.8313103794139475;0.0248569466276444;307.51160180108866;0.0;-0.4657510669342276;1.0;9.714919636140428;24.602281616840344;48.187222392500935;0.4222764021254842;78.72046234004779
0.0;0.9378661639434888;0.0460007080374214;308.0466777266707;0.0;-0.2574239856241311;1.0;9.594322938670867;24.884280316930425;48.58674011927282;0.4275421796503351;78.72563577639013
0.0;0.9473395595388776;0.0484217979341278;308.03281266021315;0.0;-0.2080562947388728;1.0;9.584812894827476;24.909524205605425;48.62056150175433;0.4279644645643241;78.6947593169215
0.0;0.9569086459988662;0.0509703136148714;308.0093877307045;0.0;-0.1545529133891144;1.0;9.574944495886513;24.935088707604223;48.65446507987341;0.4283805163265826;78.65890603024131
0.0;0.9861997652258389;0.0594492650414012;307.8804701972616;0.0;0.0267387342210078;1.0;9.548326494675416;25.013838013313105;48.75667099766702;0.429574227237489;78.5221667099302
0.0;1.1466661069028985;0.1283194266830862;305.796869801906;1.0;0.9034474060362302;1.0;9.379971250949056;25.467574610447706;49.07852738504076;0.429492885354937;77.34392051397536
0.0;1.1238474513755303;0.1158082825814853;306.22384132920706;1.0;0.8221433257195876;1.0;9.412229860473593;25.39967542515526;49.20826623082648;0.4306962455541538;77.52941322451652
0.0;1.1126089768617753;0.110017868452411;306.41911043081143;0.0;0.7813441800217289;1.0;9.423899831123542;25.366793089814312;49.17301988897605;0.4311958948461244;77.62087590252347
0.0;0.2739455755453108;2.057024374981017e-05;320.44732651002084;0.0;0.4848678496571318;1.0;13.05686303175981;20.411944147184908;56.07405661111623;0.4487707000690239;85.74804847938148
0.0;1.0062236151676756;0.0658717618187271;307.74433944558814;0.0;0.1599881856441301;1.0;9.529893138163986;25.0682365996863;48.82522294726923;0.4303000496996194;78.40782381239046
0.0;0.3740875529148477;0.0001008806040434;341.34687827036475;1.0;1.4146843076399902;1.0;12.987432030153828;20.36669233215602;55.47394317577418;0.4357626789493317;84.17572636507536
0.0;0.3593470107206666;8.216788249713455e-05;338.7218166814141;1.0;1.6316414844725775;1.0;13.01478890945842;20.36763000837934;55.6726535743333;0.4381314966269772;84.22777085399807
0.0;0.3451873047036995;6.692625384318169e-05;336.0708719859715;1.0;1.7243661204562952;1.0;13.029559118361863;20.36943093620751;55.86942833812064;0.4404954353825714;84.3467791394748
0.0;0.3383180773400959;6.040094409347148e-05;334.7364996946058;1.0;1.7249421402044312;1.0;13.037887401095231;20.37079774863328;55.967095736877255;0.4416746126452188;84.42956163661702
0.0;0.3249869952037675;4.91969464700331e-05;332.0515017583608;1.0;1.6458178715154863;1.0;13.0443458657455;20.374671224126743;56.16100222794753;0.4440264667461847;84.63491791273673
0.0;0.3217371252517298;4.673709914653144e-05;331.37708437833754;1.0;1.6118299727923835;1.0;13.042792893855104;20.376087571613493;56.20918297589311;0.4446130025042094;84.69330494136663
0.0;0.3121812108946282;4.00712203807574e-05;329.34681011886704;1.0;1.48417029381169;1.0;13.044210245642754;20.381192083995543;56.353019724736;0.4463690666799894;84.88159194452642
0.0;1.037024273103111;0.0768295807770546;307.46213550907936;0.0;0.3665684961314612;1.0;9.499174844637755;25.15289711532985;48.92867693691996;0.4312048368118775;78.20493807526803
0.0;0.276712702571021;2.165288815769492e-05;321.13679130840075;0.0;0.5902114972337776;1.0;13.048501835634724;20.410296519874347;56.125674475891486;0.4490592271552608;85.69044290789438
0.0;0.2823310912876451;2.399211984232124e-05;322.513588256038;0.0;0.7946195783086719;1.0;13.036492698132983;20.406149391034354;56.22928745436551;0.44950104720209;85.56635578718154
0.0;0.2968812253265249;3.100634647299157e-05;325.9417070690309;0.0;1.2158808704894306;1.0;13.036742054945703;20.39302609030174;56.490534890338935;0.4491827309666245;85.22426215073097
0.0;1.047499265760718;0.0808732429232153;307.346697820982;0.0;0.4345156652727757;1.0;9.489057398086604;25.18194252097722;48.96332936706256;0.4314326354981879;78.12984098876703
0.0;1.0687677438636036;0.0896102414661666;307.0828822361749;0.0;0.5646969313679624;1.0;9.468205216713873;25.24143869536569;49.03288710801184;0.4317218532848089;77.97005169636356
0.0;1.090468058222226;0.0992911262783009;306.77411721822034;0.0;0.6822829088850306;1.0;9.446502039919876;25.302969085291824;49.10278339683634;0.4316963739458149;77.79950845602194
0.0;0.3894327573928271;0.0001238549170659;343.94336731957475;1.0;1.0890843248761355;1.0;12.949505206270205;20.36549871539763;55.27327816538725;0.4333954768773179;84.19023975223278
0.0;0.3833024341250753;0.0008452516793304;290.6632212264934;0.0;0.6058668866522949;1.0;11.964889730332668;22.92390998176712;44.98865047914612;0.3724634680649127;73.65952841797456
0.0;0.4490571628222189;0.0001854049497279;365.3476959868764;0.0;0.0984508153871022;1.0;16.621300834813592;20.275846463101377;48.64046965077169;0.3702201460749654;79.10323580176895
0.0;0.4808498405124803;0.0050780042291566;346.23163972646165;1.0;1.093855881778962;1.0;13.262956922866534;27.00471755478202;54.30013349731821;0.4563030869330643;88.87080181648994
0.0;0.990440738274922;0.4401300375910429;289.485292121508;1.0;1.2015111949255386;0.0;0.0290193952447464;33.43846770476864;36.55889890762205;0.2641758952884189;67.41498114545286
0.0;0.2506612215349116;0.0001479373140171;303.63341423069863;0.0;-0.5104701987666691;0.0;4.821323535085543;31.873093827842776;37.96545369716095;0.3519011850476759;76.37198440321306
0.0;0.2799625955247978;0.0002600866561485;310.8831992546951;0.0;-0.6976615829501758;0.0;6.007739094840794;31.05003787871284;39.19113946679384;0.356011895834958;77.72858849000802
0.0;1.527145751361675;0.3651401092096094;359.6912795654697;1.0;0.8142848608284059;1.0;25.51250134507157;20.259474500869555;52.7738138815259;0.4420060398973173;87.3506351109384
0.0;1.8299827059868257;0.9192521322667704;344.3974329364353;1.0;1.4923736962994587;1.0;22.590234632405583;22.349640882577727;51.77240656465882;0.4313057687078137;86.15840523165939
0.0;0.4465512947764433;0.0023614458445066;328.9471967728569;1.0;1.717398932163441;0.0;1.2577045468894004;36.99018424749435;45.795027969966846;0.4094491749403712;81.31465156193042
0.0;0.4695646340604718;0.0030518273713697;331.62729419221387;1.0;1.7971683094465647;0.0;1.3899785847634574;36.7292214033009;45.94323948585504;0.4116164444767238;81.5131484251994
0.0;1.32597341531402;0.9031201600789236;326.5530860987228;0.0;-0.4042300292513061;0.0;12.153118596130817;21.241523418982595;50.36746459258303;0.4202910351323792;91.44476414458536
0.0;1.981439653550912;0.7522191329382756;305.49391521151455;0.0;0.5640465659164954;1.0;17.33203647360992;22.633549518388005;48.51612730090016;0.4168473833821421;84.16842240252782
0.0;0.4743077111721938;0.0032124498645997;332.1541921060479;1.0;1.7904011329774234;0.0;1.4180580328335275;36.67454032395936;45.973098243616406;0.4120512730433833;81.56884251764227
0.0;0.4937639821887182;0.0039440456897657;334.2294854305095;1.0;1.678534565162202;0.0;1.5361640011909037;36.447256879949855;46.09326067839719;0.4137951856616562;81.85228391843238
0.0;1.3393670861757778;0.9506528000830774;325.46690509374514;0.0;-0.4467920928562153;0.0;12.398627855586676;21.00540098830635;50.50732561078068;0.4207348138158238;91.63347386397491
0.0;0.3636982483154159;0.0008014672485048;324.0808495545588;0.0;-0.5837316170572538;0.0;13.431273114751598;20.06026576740521;51.070189736200376;0.4225140071640357;92.33635913196656
0.0;0.3673719679953696;0.0008436497352682;324.69122498067054;0.0;-0.6071601952959623;0.0;13.702602803879822;19.82466897471056;51.21176496166489;0.4229597497244743;92.49678708969424
0.0;0.3786172798234045;0.0009839915267744;326.51109080270663;0.0;-0.6444905440325449;0.0;14.549924354489043;19.122580059705776;51.63856615660587;0.4242988568593148;92.93413251791092
0.0;2.7054957528667414;1.0806307910166195;351.6686394427115;0.0;-0.1702122628765194;0.0;15.68301919733941;22.79904510173713;47.65956799201527;0.4125338949333471;84.0557747032497
0.0;1.2560507018402551;0.5134196048592367;372.873011798718;0.0;0.7708300851780715;0.0;14.883116526527289;19.50778049052681;47.460631188443145;0.3671343449875885;78.71596241619994
0.0;2.171771869509321;0.798319519925526;356.7207142618232;0.0;0.7844432486681878;1.0;13.523675365687264;17.32099054386039;50.15464217096044;0.3772113343982858;78.16300827735382
0.0;1.119881592767216;0.1045203114482613;303.1332549691316;0.0;0.4539410919952826;0.0;4.2685834052502125;22.651685417617774;44.79997596641744;0.3260802662818398;74.56317450062167
0.0;0.4844688242090338;0.0080542958880681;296.2630084396293;1.0;0.8210901160901304;1.0;14.17915363452369;17.615853557148856;39.3229719378369;0.2928160356127338;65.43229669865508
0.0;1.108682776839544;0.0992942958758483;303.33351695899404;0.0;0.3556242049700646;0.0;4.18405978442669;22.73838876040079;44.67646238934109;0.3257362503213779;74.54987820068882
0.0;1.0438028263772094;0.0729904316836554;304.29238904057115;0.0;-0.195286412581131;0.0;3.7109280892773584;23.25344936868195;43.94166539783306;0.3236795065045246;74.34282594435102
0.0;0.9728924445135732;0.0509719407026795;304.91741975065963;0.0;-0.6058493859851605;0.0;3.226125835018491;23.83653947144705;43.09786467856115;0.3212961463951439;73.80757915367597
0.0;0.9631635200684376;0.0484233436675455;304.96594455551104;0.0;-0.6362844674441649;0.0;3.162244253243886;23.91779530674904;42.978491821743326;0.3209570946954291;73.70593723908911
0.0;0.9067993347716256;0.0355956072469601;305.0558546888892;0.0;-0.6676073984858154;0.0;2.8046589912422424;24.392741592924928;42.26832818400232;0.3189302705148508;72.9812001284262
0.0;0.8977313414239094;0.0338158268846121;305.0384571349876;0.0;-0.6497270821467989;0.0;2.749123010505785;24.469662412595447;42.15097326591832;0.3185937116575089;72.84368286621918
0.0;0.8537335731775174;0.0261660422291129;304.8198366023047;0.0;-0.4849012599588215;0.0;2.4875093068820604;24.84397250007024;41.568466914398776;0.3169162347452549;72.10262162835998
0.0;0.3933664216089163;0.0001303735969114;344.58769765514546;1.0;0.9945864047524706;1.0;12.94018674816834;20.3649993483052;55.22280426313008;0.4328053695270085;84.20346374287517
0.0;0.3973398198069861;0.0001372353651699;345.2300212974266;1.0;0.8962871449898657;1.0;12.935177291942525;20.364428952280782;55.17220669960551;0.4322165606021131;84.22015130953923
0.0;0.4054074276165555;0.0001520613464487;346.50846439452124;1.0;0.6917371049354558;1.0;12.92138063152602;20.36334618184665;55.07063938006819;0.431044689389042;84.26292108924642
0.0;0.4263003883786014;0.0001965173075212;349.66617563116137;1.0;0.1801390824794335;1.0;12.879545467406682;20.36015750808738;54.81453577938071;0.4281839174646683;84.41011726214371
0.0;0.4306064529076782;0.0002068603237065;350.29074748523084;1.0;0.0864091965792685;1.0;12.873485385434456;20.359329990533983;54.76293799200659;0.4276332553631543;84.44354168034822
0.0;0.738903395249741;0.0694442285877112;309.3385523654781;1.0;0.6205836851406616;1.0;12.571628904068175;20.89724344843316;35.36290427730618;0.2609091093489071;60.82191002281828
0.0;0.2617847355792199;8.529155846416717e-05;310.4303407940398;1.0;1.729571223015207;0.0;0.1023066812795242;33.4020499389938;36.94869459466869;0.282345855399925;67.48029079033437
0.0;1.6018276194054002;0.7803314515240101;310.4603067854906;1.0;1.042153691128956;0.0;1.4495913731843235;26.545170620193968;39.91898911969882;0.308009293359112;68.02070295573122
0.0;1.52332212770954;0.6038056021209843;315.07881113726825;1.0;1.3191551400125097;0.0;1.31164442971744;26.800595084955013;39.86043582108321;0.3063875429028833;67.53931481584242
0.0;1.434177544381827;0.4438526016330808;318.9990457356705;1.0;1.490063952095097;0.0;1.163324144848366;27.08384102758169;39.79109455994248;0.3044527097990833;67.1488144448012
0.0;1.361325652410245;0.4449747514232925;301.8476485875631;0.0;0.3342255162845267;1.0;13.889670408876992;16.553180863365014;48.18841061686329;0.3619432458723025;75.44198537124872
0.0;2.715128592992521;1.049720893039556;297.57071350371126;0.0;-0.1413027238853554;0.0;19.143538353264223;22.616899701649995;39.74528063016155;0.3505522284500761;76.8695282755698
0.0;2.6784407953380738;1.0265992514657885;354.3740134541616;1.0;-0.2253883392644221;0.0;15.372474642698114;22.850389721164923;47.62529723322504;0.4121003365926195;84.03312501408263
0.0;0.3642189631502832;0.0001477973587854;324.2965502077958;0.0;0.1443170966386462;0.0;0.3883524922071382;28.7117483551244;33.99865938277411;0.2620065925427094;63.04080058000287
0.0;1.2585209459080884;0.2278482191913539;324.29649343465627;1.0;1.2764167202582208;0.0;0.8969827011440777;27.61590211531973;39.64424167308353;0.3003023845449842;66.8904230319488
0.0;0.6597397912441355;0.0076399532566808;303.3938564624844;1.0;0.2407749000528431;0.0;7.426097427315613;24.6037334642662;46.375787851263375;0.4121559798092135;77.46795103882948
0.0;0.6531423933316941;0.0072579555938468;303.1368176687626;1.0;0.2888091865420987;0.0;7.279050850798005;24.64434620899513;46.34742063193614;0.4117210587703899;77.39269537640372
0.0;0.457371781212428;0.000281407435376;353.9851407968009;1.0;-0.3224053921846858;1.0;12.855793955441982;20.35559115058841;54.45068591432318;0.4246942001520405;84.63672117911021
0.0;1.184872488177835;0.1674893782209117;325.78134166637955;1.0;1.0512448661303788;0.0;0.7955521730612363;27.826684744141364;39.577994978384105;0.2984059791304911;66.9399354934435
0.0;0.6337434111073494;0.0062227896772744;302.33146862545306;1.0;0.4605131386455506;0.0;6.855151940337756;24.781501469937105;46.2627305588253;0.4104190297585469;77.16455292041422
0.0;1.1381837845024003;0.1364211453695465;326.5036890083548;1.0;0.9149634120722924;0.0;0.734387135189535;27.955981719781544;39.53435793241882;0.2971483667401176;66.99671882079136
0.0;0.5966568413712467;0.0045743222288294;300.5739775149664;1.0;0.8623263952805801;0.0;6.079974361793951;25.11259522806364;46.09518756329188;0.4078272692849353;76.72154389023117
0.0;1.1268019466573764;0.1296000881010692;326.6531566747624;1.0;0.8854432216095417;0.0;0.7198452748107909;27.98696219216471;39.52351401056788;0.2968347926611728;67.01212726787344
0.0;0.6211319172263132;0.0056160676837401;301.7668568563198;1.0;0.5906529129854425;0.0;6.5863575930444895;24.884302778970905;46.20661182884047;0.4095532889462741;77.01321940206186
0.0;0.6087713920735096;0.0050685010845755;301.18081912684823;1.0;0.7264707343504141;0.0;6.328102821063895;24.9949846542349;46.15076460404359;0.4086893695244291;76.86492224372948
0.0;1.6498410965358434;0.5730788364764108;327.33503577529893;0.0;1.0954338056182469;1.0;22.255335663677634;11.667794061143812;50.76079355085066;0.3818886026204074;81.0915455403583
0.0;1.683339553653549;0.634990400527879;325.5670897596212;0.0;1.1676910740969653;1.0;22.33385290901001;11.63274267864144;50.841357175193394;0.3815445029143809;80.96248277496879
0.0;1.7003429834884332;0.6684109479240832;324.6015184985291;0.0;1.188233642123359;1.0;22.38006795225286;11.616222164158156;50.88178603221524;0.3811692800060673;80.89667893817797
0.0;1.7175181651398317;0.703590471499035;323.57326722172513;1.0;1.1975014740131973;1.0;22.4249883648689;11.600621551556443;50.92231323837927;0.3806167494236645;80.83042980912788
0.0;1.7348668334745772;0.7406215489463526;322.47486855072765;1.0;1.2000030807242574;1.0;22.462054825279235;11.58597915198461;50.8628169008512;0.3799624375414154;80.76402441981075
0.0;0.3281445998905262;0.0001426169519382;317.30562561948034;1.0;0.7614759353092974;0.0;23.58171560935325;12.922272682171029;54.60475764182016;0.4703736140418617;91.08327672937408
0.0;1.8060316880501897;0.909288969785502;317.18378386088284;1.0;1.1898807672725118;1.0;22.56066687633464;11.53417131844955;50.62337130389619;0.3773382706083299;80.49857219716938
0.0;0.4067948190729699;0.0002598406026868;330.9029182149292;1.0;-0.3728766539582691;0.0;0.4839172688759464;28.57526633676641;34.58178576121106;0.2650673251656319;64.0356521306967
0.0;0.4498041594521977;0.0004339812456157;336.66783397685435;0.0;0.1824257538307835;0.0;0.5910581255219809;28.43320536216683;35.07314087247101;0.2678808256063012;64.6512507455599
0.0;0.6255822869393172;0.0157481538162743;357.230257747273;0.0;0.1758189774009788;1.0;6.942949008715405;35.79278516744202;40.67014871611207;0.3603615784292105;78.39855421549677
0.0;2.0311606650843244;0.9526429737873816;335.6204606499777;0.0;0.646632911520868;0.0;0.6384453657201244;28.162053034497475;38.96203046621398;0.2949602850415447;67.0965707629786
0.0;1.0675239626263202;0.0654213548511108;284.7609029964497;1.0;1.4871022196605506;0.0;3.6508057038878254;27.298176583882583;51.9032834047852;0.4577226792160975;82.73379794901963
0.0;1.4890933230811985;0.4869436121872966;294.6950526850615;1.0;1.571781959884562;1.0;8.797714084075588;26.614625036652868;47.33289833857277;0.413671405501536;75.36331235149272
0.0;0.3058522106607633;9.959473659366589e-05;312.88879816963487;1.0;0.7088732055644889;0.0;20.500959020949093;14.119030744462837;54.25699741410913;0.4674139668756799;91.4684646540284
0.0;0.0726116448362238;3.128237090249593e-07;302.59590833064624;1.0;-0.3810613745682434;1.0;25.3007710834032;10.526024409712512;32.4362092070867;0.246470317026574;62.19430971775397
0.0;0.5963783069919797;0.0224738784985892;276.3828612578262;0.0;0.4135521945657079;1.0;14.813654581444018;15.327580734690551;45.8000232689619;0.3461054091613127;72.67144499412329
0.0;2.585725295218728;1.43660344430238;331.931670532773;0.0;-0.5038687002919271;1.0;6.450099705699766;31.79191624178238;35.56024216540684;0.2570224515022293;66.15258778287719
0.0;2.6118437325441697;1.512214151897242;327.36313012271944;0.0;-0.4586684068955953;1.0;6.118302209252233;31.943536002642663;35.563555538992425;0.2572939681185116;66.22796875839875
1.0;2.6382259924688585;1.5918043704181497;322.2599475505666;0.0;-0.4069477026014493;1.0;5.784124324912404;32.08959348933376;35.56687662911296;0.2575657715629386;66.30171038379666
0.0;1.3603124337474042;0.3068959241502128;299.94053719272944;1.0;1.662287997944043;1.0;9.046115241595896;26.1591799970744;47.94975199547246;0.4191690301418382;75.84416134964357
0.0;2.024233303128819;0.5574962949636524;365.7656240004939;0.0;0.3497221186047906;1.0;13.522812679295434;17.52968885089083;49.89759225470613;0.3765475878881729;79.03010283933952
0.0;1.4886421326012351;0.8596057824974122;302.94710291048136;1.0;1.465565104128089;0.0;4.5951457396853765;26.06376847595245;45.71360379752157;0.4018432405594037;75.95646768522889
0.0;0.4420857818286789;0.0022433735522813;328.40244097565727;1.0;1.6818293531662776;0.0;1.2328003098348248;37.03994520671176;45.765600893066015;0.4090170923100428;81.28902469036012
0.0;0.9132552611042724;0.0113388190047837;312.2962685486118;1.0;1.019885965394966;1.0;22.66818496889024;11.42376866146376;50.014409931731706;0.3707291609305193;79.83664880876493
0.0;0.2642675128189258;0.00012669498895;271.21386954615326;0.0;-0.481122721270581;1.0;12.56455289805025;21.48941501339384;44.10102618096424;0.361073399556036;73.8987757749559
0.0;0.5674147193488183;0.0035395233426507;298.96981729574736;1.0;1.1694589097901458;0.0;5.501388299721869;25.431318139014177;45.95741840453707;0.4056799586748912;76.39473509370308
0.0;0.3868408124513336;0.0003679625908783;266.98103858768394;1.0;0.767896408520278;0.0;0.4842984992902769;32.153013252106504;45.38641405007727;0.4114239433621336;75.96241995536889
0.0;1.4472834138233708;0.9539292628730658;347.2526923446532;1.0;0.8521805022273042;0.0;13.0565333606143;27.04660675923112;54.44791798705336;0.4590646277938718;89.29878996609388
0.0;0.4038529865677881;0.0014138848571171;323.38042598161326;1.0;1.199705397016508;0.0;1.0297212173020267;37.45319035420157;45.503946496662486;0.4051488095274028;81.19940384685069
0.0;1.2587739041961874;0.0453877800508688;288.81767515312123;0.0;0.6444365540264304;1.0;17.563214555647892;22.53869288960986;49.22390253589158;0.4216931477337123;84.57135761258478
0.0;0.17632705851451;2.456992973000921e-05;280.2998468057016;0.0;0.9051029275382682;0.0;2.3941981659791374;34.42110223509428;35.238759006200816;0.3391343153505833;71.7289631412392
0.0;0.9168605917127548;0.0898078073563021;365.4064228433874;1.0;1.4143339830463288;1.0;27.999326039676983;13.415602399889831;53.76625621599435;0.4003372112209356;90.04096252336471
0.0;0.5037893910710317;0.0043701337282722;335.24693043318274;1.0;1.5711350077666155;0.0;1.5988560782688606;36.32837281639832;46.15378082933631;0.4146699077877901;82.03239733193722
0.0;0.5088781727990219;0.0046001407666024;335.7503921350558;1.0;1.505033310677406;0.0;1.63115513061413;36.26759432481975;46.18415126406517;0.4151079620101943;82.13232965434554
0.0;0.5192104609723721;0.0050971088826619;336.7464856459253;1.0;1.3497253149942428;0.0;1.697723868321732;36.14332903932719;46.24511375106261;0.4159854592152781;82.35194926706365
0.0;0.5244550110832041;0.0053653777712231;337.2389920286132;1.0;1.261479570287069;0.0;1.7320201820513563;36.07982857909803;46.2757061642575;0.4164249031761335;82.47152599019255
0.0;0.4062132345909146;0.0014090490831271;330.68610375434474;0.0;-0.5036609539450098;0.0;16.736396515767996;17.540630174315805;52.64665169683764;0.4274272659675669;93.68002047662844
0.0;0.5459683421787314;0.0065872763667842;339.17058493687153;1.0;0.853327485691135;0.0;1.876275130945819;35.81655719894543;46.39882117975285;0.418187326177534;83.01185956034735
0.0;2.5598680422665407;1.3647732720872612;336.03777856358965;0.0;-0.5423615295196924;1.0;6.781260278211651;31.63490748930169;35.556936489564926;0.2567512214114082;66.07572116636645
0.0;1.1764164101178332;0.0349394988198126;388.9207021702469;1.0;1.7666285299910849;1.0;13.058185485868524;19.22815486129312;51.31769560090338;0.3865781787099847;79.68433904671343
0.0;0.4162149879241225;0.0016490857059246;325.0772067965527;1.0;1.3793380503213326;0.0;1.093395681593221;37.322186188467626;45.59053039221489;0.4064341550162173;81.2077705192317
0.0;0.6253933973247409;0.0135447696910241;280.8861736747619;0.0;0.5578015181453441;1.0;11.901621388814238;23.952494725694667;44.14268545890875;0.3513573367845994;72.42570640044981
0.0;0.8037732120238186;0.0192344454523722;304.2828262455408;0.0;-0.1905789712361837;0.0;2.206222763342557;25.26942651837436;40.87875834548969;0.3149149144000862;71.1387112244783
0.0;1.0200114389844652;0.019934629334189;312.0315953589837;1.0;0.7198006464590279;1.0;22.79656740411522;11.32986996407849;49.32712816905367;0.3633780883261425;79.07391745448034
0.0;1.0098113245946203;0.0189378978674795;312.1053186894643;1.0;0.7437984691768901;1.0;22.78792215497449;11.3371584801944;49.39037496355816;0.3640499010673391;79.14718686767979
0.0;0.7877781251045446;0.0173590870207659;304.04100554584323;0.0;-0.0880264463442009;0.0;2.119715503096088;25.405297471638768;40.65108609023076;0.3142506198286808;70.8101617234799
0.0;0.5805402458159583;0.0202769525512845;302.946681510868;1.0;1.49897946129448;1.0;13.671794411189468;18.74228168569052;37.67542928436963;0.2792485761688125;63.12139752698752
0.0;0.4420255495347336;0.0053436242885415;365.2509219538538;1.0;1.5441763218059017;0.0;9.028370989307517;26.02165220390287;42.768912278501006;0.3954488271926374;79.3944410723502
0.0;0.3468637147848416;0.0003586287495318;328.8924819312768;1.0;-0.2679186777906293;0.0;0.1791059561113634;33.2506006134415;37.14161630605454;0.2908175624480341;69.41793172337893
0.0;0.5480697890681622;0.0007084523953425;364.42348872336856;0.0;0.6583828629002075;1.0;12.792458266368142;20.318071235682744;54.49824544023534;0.4278296941216795;84.50297874889858
0.0;0.98154600532016;0.1937836281149722;373.8719690714344;0.0;0.9481398959963516;1.0;13.879492082867312;25.870448670606493;52.38069555443285;0.4390542125938539;87.66700434281171
0.0;0.3125026587884901;0.0001664578996485;334.18496826011483;1.0;1.1330916830897653;1.0;27.95391204430834;14.406681910342014;47.23813473644919;0.3242022249245269;84.23527180772358
0.0;0.3093776322006052;0.0001581350046661;333.49179098753905;1.0;1.131665258457985;1.0;27.9942515276542;14.397930955308306;47.30611142955208;0.3249153793186946;84.28450204642347
0.0;1.2697955849708942;0.95009468126868;330.3516373412352;0.0;0.9891747203907144;1.0;28.3463670427254;14.243424477958962;47.57876117604583;0.3306671660780969;84.80042781601594
1.0;1.8427014468423524;1.0075224041944622;313.8129591665207;1.0;1.1720006849236435;1.0;22.58336797493485;11.51061311772466;50.50276735577616;0.3760220252592729;80.36613047873195
0.0;0.8950814814082974;0.0102332841518173;312.22179574329124;1.0;1.0684926161926045;1.0;22.65322034044064;11.444217344777554;50.13739634343466;0.3720565712337987;79.96942472437578
0.0;1.628194639227067;0.7090494658169025;224.68730848896524;0.0;0.7486597200183167;1.0;23.401183865870927;11.27669931586011;44.94107156192679;0.326438236583279;75.29699503063114
0.0;0.5857618711013524;0.009432800458505;342.3926286804322;1.0;0.0706488300100832;0.0;2.1582302361607906;35.31927142007381;46.61717027030624;0.4212895337378958;84.15565540154056
0.0;0.7918907332954347;0.0439473293883335;353.3488503924733;0.0;0.090531789470959;0.0;3.932552364703714;32.648620655479284;49.961886899147245;0.4348474731904493;88.84528510444348
0.0;0.2067520095081458;4.892156999960322e-06;300.9691517399803;0.0;-0.4726010591593407;1.0;13.06870015223679;20.387493316995418;54.67854672926319;0.4364912830513585;85.44511954988266
0.0;0.5534988870678456;0.0104126814920181;353.7527581635039;1.0;1.7031422318744602;1.0;13.14149422679108;26.855161246136;53.59034477866249;0.4482086491781433;87.69121456070106
0.0;0.9274477589115157;0.0174329699361233;365.78584106409534;1.0;1.2170433555499487;0.0;2.494679652382406;27.437894279488663;36.83081390816429;0.2890148100190239;63.78943621733757
0.0;1.136896562313266;0.540413942376999;336.69558100737805;0.0;0.1881782844462613;1.0;28.47010837869033;13.982768202563136;47.22300556163786;0.3288663816007691;85.25944147507134
0.0;0.104289889015922;1.4769292568293237e-07;259.77605451456265;1.0;-0.2533106745444824;1.0;10.685186870029318;19.62960323977357;46.62293134300361;0.336444928483593;74.34092232818521
0.0;0.91653076766672;0.1105942752737753;369.9790299722937;1.0;0.9913946142500218;0.0;3.3213519884382223;33.22914526598562;41.752158737763125;0.3751138734358314;79.07449872274223
0.0;0.4176577950270894;0.000488432578112;331.8414451032873;1.0;1.5437226787790503;1.0;29.448009147382187;11.755113827654208;54.41886056179981;0.4629914279579847;89.42801856899827
0.0;0.8861306665942144;0.0097216199442264;312.17126194144487;1.0;1.090489714016745;1.0;22.64236402898;11.454695442245766;50.19866437352189;0.3727192259863746;80.03561163901915
0.0;0.3665034955556648;0.0002507329971896;324.1020500379206;1.0;1.11980243531818;1.0;28.84648723056775;11.974293106980047;55.063217516126045;0.4703018148553533;90.2604539566824
0.0;0.2854362725134018;0.0016422930730838;123.39002846432308;1.0;0.9152406444061618;1.0;11.194997176925517;22.990987509703032;47.13208087236101;0.4096004731467589;75.47560284189805
0.0;0.6973096362974459;0.0066819120294531;357.02266930474497;0.0;-0.5737199959718956;1.0;30.75886228851437;12.81745267739627;53.838232714816456;0.4609746509655845;91.97197021878608
0.0;0.5165281403987121;0.0021633368397344;366.66418672154094;1.0;1.118222319980483;1.0;25.92300750656245;13.053866984013476;43.61846191764708;0.2875679335244679;80.35014396283796
0.0;0.3260991706348943;8.406715131537612e-05;317.4704904193724;0.0;0.4341241234407181;0.0;0.3116599661892874;28.8275981867158;32.94117695511837;0.2589812022010269;62.01523004156182
0.0;0.3013363998208244;0.0001748942679381;319.7633464871375;1.0;1.0178104561563606;0.0;0.1353651888365064;33.34108632973563;37.0435454581314;0.2865504029568119;68.12909539422289
0.0;0.8222323659200821;0.0041478964532224;391.9424134348581;0.0;-0.2234859303336097;1.0;21.724533082840143;13.87283963983208;39.49825356220993;0.2774251817273738;69.71352495733014
0.0;0.3759043177158432;0.0005405753766657;333.9797752437811;1.0;-0.2856121219904258;0.0;0.2101829394049349;33.18252458139666;37.19914537631871;0.2932844090292691;70.09685935280234
0.0;0.3797013310261042;0.0005690267122797;334.6076940079311;0.0;-0.223667820199284;0.0;0.2144289351800076;33.173060435069615;37.20641406369633;0.2935942325092125;70.1648558110711
0.0;0.3913240465321558;0.0006636847497066;336.4797587203689;0.0;0.0048298725925219;0.0;0.2276885384925543;33.14330485154402;37.52942503496872;0.2945256681038094;70.34009195540303
0.0;0.4163405053146762;0.0015154695315763;225.57344534428103;1.0;1.789937892650402;0.0;12.354632632279188;26.034765679269466;49.11040188859408;0.4527320788547162;84.19139984691078
0.0;0.267464580201592;0.0001726163225167;298.5701446411499;0.0;-0.3673727098780237;0.0;0.4535212286775917;38.690659731500055;41.026909263964725;0.3879844242243539;79.18036437343895
0.0;0.4549970876050248;0.0014325433043007;345.53712086793564;0.0;1.1229685147505892;0.0;0.307347730231852;32.96029329558013;39.18036137796058;0.2992273590870306;70.69086290486065
0.0;0.579113843154085;0.004906154632164;358.6313685488809;1.0;0.9674064133482534;0.0;0.4966974564534822;32.51681344920126;39.6904918711692;0.3069066786395151;70.81392442441907
0.0;0.6656575739606391;0.0032081181606045;355.90202487778674;1.0;0.911128643288495;0.0;1.2893781148390342;27.767321185387665;36.69433380441995;0.2791417363078402;64.88726521405499
0.0;1.3489627186252964;0.6661643820994809;353.0752118264789;1.0;0.6485506974884622;0.0;11.350804940573076;27.3068667343217;54.09722795549682;0.4588684347318084;89.8169183413785
0.0;0.5263719342322449;0.0080571344467826;351.14755476616284;1.0;1.5549351107819618;1.0;13.16116956068439;26.917553798721848;53.84663543428789;0.4511126152935274;88.08387892328662
0.0;0.960309474994542;0.0267784654582847;384.777109117536;1.0;0.6585708283419343;1.0;28.114830679725344;13.005273162588663;50.1107426467802;0.3546589970555006;86.52003746786045
0.0;0.6982746123615645;0.0093801577842844;301.98732239809823;1.0;0.5490098227496641;0.0;1.6674271046346043;26.15685372764111;40.00215539360756;0.3102941755117119;68.91513407246445
0.0;0.7491691585032992;0.0134321306290723;303.30688216737013;0.0;0.1413096038617037;0.0;1.917997830977011;25.731736367325308;40.08673358210918;0.3125960073596002;69.99315352946917
0.0;1.0247704875771178;0.9500000051876868;181.72106465039707;1.0;1.0817135941759202;1.0;10.835933086638576;30.42220077892731;43.89570357160082;0.4160808113425943;78.57172917892258
0.0;1.0943561428122648;0.028545846606928;311.2151622715728;1.0;0.6204095542396035;1.0;22.8210356321864;11.282054568442604;48.88004420468373;0.3586554880246347;78.52411244374015
0.0;0.3879395675236008;0.0011516180529022;321.08558255120136;1.0;0.9682203867758;0.0;0.9505524116204002;37.617883361549616;45.389477516586126;0.403441336492541;81.20365775245452
0.0;1.009012693193612;0.3405684352827252;311.2941886289975;0.0;0.5515755252567635;1.0;9.61935243123493;24.82397943258067;33.592186586099764;0.2561333976346076;59.51076648424416
0.0;1.60332396970474;0.2004684012107551;295.541840077724;1.0;1.6252474429196555;1.0;22.836885166175843;11.149862070034482;46.31488284749957;0.3324140515055074;74.93497116388092
0.0;1.4069504900940697;0.1029088667092407;303.34858518496253;1.0;1.5292658773298593;1.0;22.986955836635268;11.155192779606455;47.21938071271661;0.3415021656365789;76.01602635862056
0.0;1.1859793390529758;0.0430282898454933;309.59290554926173;1.0;0.7218731361585777;1.0;22.81661903608005;11.230146874529565;48.35963355031208;0.3532153355219636;77.79788158305685
0.0;0.4103163985766814;0.0014832095611865;331.27371165191204;0.0;-0.4559720403015219;0.0;17.074494115303946;17.324531683854552;52.792072577340896;0.4278730934762729;93.75707131056782
0.0;0.4186474834982975;0.0016434454971595;332.4418366640954;0.0;-0.3410949967023626;0.0;17.771317360242765;16.90228604589324;53.08397944925142;0.4287619726766831;93.88821679734204
0.0;0.3764173744285824;0.000987368528107;319.3417285062491;0.0;0.8137544613406948;0.0;0.8951964898834897;37.73421307160489;45.20447378384164;0.4021654557736921;81.20957042220536
0.0;1.105410245264914;0.03004825958624;311.05394470184456;1.0;0.6190974806400984;1.0;22.81965455553192;11.275670435295316;48.81554815314854;0.3579779776659147;78.43940354217253
0.0;1.116638187937513;0.2649285810482932;287.1007882184551;0.0;0.1003155476385413;1.0;14.141473043841795;15.8548133858495;45.38366809139145;0.3383004105493267;73.39173489357499
0.0;0.3820760583184814;0.0004643359452728;347.77935814473284;1.0;0.8983212220987887;1.0;27.13203236431617;14.279503084971813;45.843116535281176;0.3097798670456098;83.27690885833994
0.0;0.5262730316666328;0.0015891383255149;344.44872804952297;1.0;0.4614496446668956;1.0;30.277304654589432;11.818898926426154;53.22741751263652;0.4510149123331617;89.76870201133303
0.0;1.1392470210367256;0.0350468110059658;310.50024229689865;1.0;0.6386254403607265;1.0;22.81012622137072;11.256402297749592;48.62111118709454;0.3559411512386763;78.174925553068
0.0;0.3689266686774536;0.0008911000966166;318.1690141220583;0.0;0.6934680634697762;0.0;0.8600952935198493;37.80846760694997;44.94903962514107;0.4013171110634462;81.21027447619495
0.0;1.265946486725652;0.1501359686458427;419.1320434207136;1.0;1.4520690127237097;1.0;15.963380558752691;23.69508051876149;47.98932782151629;0.3876734733320503;81.82792196412736
0.0;0.4228762459578763;0.001729942628589;333.0222559439902;0.0;-0.2745512986361172;0.0;18.13032174415699;16.696701833732117;53.230467175353205;0.4292043653226606;93.94221447286796
0.0;0.6675189035351935;0.0183752720958376;347.7675789979373;0.0;-0.6201382891516636;0.0;2.799073923931301;34.26842270250543;47.6370659360551;0.4271119598110749;86.50044238382617
0.0;1.0705560816038129;0.2047501978720724;357.777865931151;1.0;1.029027434834561;0.0;7.165577709872814;29.35763992742787;52.98610382944504;0.4488327531284456;90.31557779369504
0.0;0.4629099747407332;0.00274485402429;338.12758852855603;0.0;0.497198282807964;0.0;21.705935531578746;15.070499348843136;54.56504278139994;0.4329986120311747;94.09287590714938
0.0;0.3404251261550874;0.0005911740104191;313.4044169774707;0.0;0.1044212882860125;0.0;0.7329247090259616;38.08051938510143;43.93965856161215;0.397941589852844;81.11959097491787
0.0;0.5896551963370034;0.0009527392161375;501.3768618146155;1.0;0.3081192943541862;0.0;3.110575020300024;26.726908745836933;47.68434999779112;0.4413527885377802;79.19408816995731
0.0;1.037343666697122;0.0961107852192308;377.6823076897747;1.0;1.4397235439269411;0.0;1.5844339791878956;30.16427066985023;40.51972554011686;0.3262885634155342;71.3260047600919
0.0;0.0668225634244615;1.4552559708788525e-07;212.7699825167749;1.0;1.2678338089162229;1.0;8.77996710184603;33.759592101288206;38.6065510950749;0.3746056293278494;71.86872647554992
0.0;1.350151972846406;0.0736635858782637;572.5875559822873;0.0;-0.5702545213932937;0.0;11.211965911202276;21.21003895093727;34.470038182363;0.3268619059836845;67.44524574703158
